-1.030657812952995300e-02 -2.498195134103298187e-02 1.254197396337985992e-02 3.145392611622810364e-02
-1.953114382922649384e-02 2.367712743580341339e-02 1.181867253035306931e-02 3.165279701352119446e-02
1.122811529785394669e-02 2.540591172873973846e-02 1.221162173897027969e-02 3.051161020994186401e-02
2.601876854896545410e-02 -2.646061219274997711e-02 1.187889557331800461e-02 3.132928162813186646e-02
4.536527395248413086e-02 2.617163397371768951e-02 2.058024145662784576e-02 3.413313999772071838e-02
5.727841705083847046e-02 3.988510370254516602e-02 6.905794888734817505e-02 2.465210855007171631e-02
4.747131839394569397e-02 -1.940909586846828461e-02 2.326164394617080688e-02 3.379104286432266235e-02
5.289695784449577332e-02 -4.174850136041641235e-02 6.362647563219070435e-02 2.118923328816890717e-02
-5.766180157661437988e-02 -5.174578167498111725e-03 1.060431450605392456e-01 1.991633139550685883e-02
-5.516358464956283569e-02 -2.131359092891216278e-02 1.073718741536140442e-01 1.372920069843530655e-02
-5.742819234728813171e-02 2.286627702414989471e-02 9.888092428445816040e-02 1.873142644762992859e-02
-4.937572404742240906e-02 1.477631856687366962e-03 1.207483410835266113e-01 4.251950886100530624e-03
-5.699012801051139832e-02 1.084701996296644211e-02 1.078227981925010681e-01 1.573721505701541901e-02
-6.152977794408798218e-02 -1.534094102680683136e-02 8.923490345478057861e-02 1.511388830840587616e-02
-6.539462506771087646e-02 1.346220728009939194e-02 8.661087602376937866e-02 1.076524332165718079e-02
-6.774861365556716919e-02 2.691363042686134577e-04 8.001296222209930420e-02 9.869673289358615875e-03
-3.106174804270267487e-02 4.413742944598197937e-02 8.088473230600357056e-03 7.998980581760406494e-03
-4.020810127258300781e-02 3.530383482575416565e-02 6.872402504086494446e-03 7.156628649681806564e-03
-3.214070945978164673e-02 3.997348248958587646e-02 4.739688709378242493e-03 6.682187784463167191e-03
-3.960653021931648254e-02 4.485227167606353760e-02 3.052870742976665497e-03 6.017142906785011292e-03
-4.700969532132148743e-02 4.506438598036766052e-02 -8.308999240398406982e-04 3.293730318546295166e-03
-4.489301890134811401e-02 4.192546382546424866e-02 1.174112223088741302e-02 8.127631619572639465e-03
-5.084163695573806763e-02 4.200642555952072144e-02 7.019300479441881180e-03 4.268270451575517654e-03
5.985050648450851440e-02 -2.160475123673677444e-03 1.154543906450271606e-01 7.437097840011119843e-03
6.003770604729652405e-02 -1.533828303217887878e-02 1.132251545786857605e-01 7.855552248656749725e-03
5.193265154957771301e-02 -8.327033370733261108e-03 1.195007562637329102e-01 6.418909411877393723e-03
6.012912839651107788e-02 8.585403673350811005e-03 1.151029244065284729e-01 7.159846834838390350e-03
5.036802962422370911e-02 -1.734575815498828888e-02 1.165713667869567871e-01 6.676970049738883972e-03
5.090458691120147705e-02 5.211243871599435806e-03 1.204553544521331787e-01 5.664460826665163040e-03
4.995912685990333557e-02 -1.351354527287185192e-03 1.202670037746429443e-01 5.105637945234775543e-03
5.086079612374305725e-02 1.192002091556787491e-02 1.187710464000701904e-01 5.893717519938945770e-03
6.013641133904457092e-02 1.869815401732921600e-02 1.111690029501914978e-01 8.194568566977977753e-03
5.217353627085685730e-02 2.113618887960910797e-02 1.152279078960418701e-01 6.865352392196655273e-03
6.050650030374526978e-02 3.748036548495292664e-02 8.902586996555328369e-02 6.676597986370325089e-03
5.918419733643531799e-02 2.745351009070873260e-02 1.053109019994735718e-01 6.797532550990581512e-03
6.036614999175071716e-02 3.325179219245910645e-02 9.899378567934036255e-02 6.912623066455125809e-03
5.209829658269882202e-02 3.875039890408515930e-02 9.525106102228164673e-02 7.213934324681758881e-03
4.921445250511169434e-02 3.443245589733123779e-02 1.039831936359405518e-01 5.169173702597618103e-03
4.941285774111747742e-02 2.831069007515907288e-02 1.105761379003524780e-01 5.072214640676975250e-03
-4.683543369174003601e-02 -4.007257521152496338e-02 1.217572111636400223e-02 9.904891252517700195e-03
-4.241253063082695007e-02 -2.760413661599159241e-02 1.267126109451055527e-02 1.067693810909986496e-02
-3.142186254262924194e-02 -3.530112281441688538e-02 1.191521063446998596e-02 9.073100984096527100e-03
-2.955404669046401978e-02 -4.455392807722091675e-02 9.772367775440216064e-03 7.541006896644830704e-03
-4.081213101744651794e-02 -4.437969624996185303e-02 7.931302301585674286e-03 8.042646571993827820e-03
-4.759218171238899231e-02 -4.397156089544296265e-02 6.899969652295112610e-03 7.531901355832815170e-03
-3.018182702362537384e-02 -4.585726931691169739e-02 6.491417065262794495e-03 7.023636717349290848e-03
-5.175713077187538147e-02 1.879107952117919922e-02 1.991015858948230743e-02 3.150766715407371521e-02
-5.480936542153358459e-02 3.367964178323745728e-02 9.501009434461593628e-02 1.587412692606449127e-02
-5.514653772115707397e-02 -2.477808296680450439e-02 2.362103946506977081e-02 3.053917549550533295e-02
-5.535781756043434143e-02 -3.251474350690841675e-02 9.646222740411758423e-02 1.622727327048778534e-02
-5.833862721920013428e-02 2.965768240392208099e-02 6.908377259969711304e-02 2.308705449104309082e-02
-5.766393616795539856e-02 -3.072842396795749664e-02 6.452441215515136719e-02 2.705491147935390472e-02
-5.599619448184967041e-02 3.407774493098258972e-02 4.237454757094383240e-02 1.826311834156513214e-02
-6.057430058717727661e-02 7.322232122533023357e-04 5.552013963460922241e-02 2.452601306140422821e-02
6.007350608706474304e-02 -2.551469393074512482e-02 1.068892255425453186e-01 7.557671982795000076e-03
5.120562762022018433e-02 -2.560617402195930481e-02 1.120042279362678528e-01 5.825917702168226242e-03
6.006491556763648987e-02 -3.792200610041618347e-02 8.605988323688507080e-02 6.836123298853635788e-03
5.174049362540245056e-02 -4.165981337428092957e-02 8.771872520446777344e-02 6.457919720560312271e-03
6.032779812812805176e-02 -3.622995689511299133e-02 9.317062795162200928e-02 6.527360063046216965e-03
5.037360638380050659e-02 -3.876093029975891113e-02 9.765863418579101562e-02 6.209752522408962250e-03
5.035992339253425598e-02 -3.203338757157325745e-02 1.063403636217117310e-01 6.107924506068229675e-03
5.934510380029678345e-02 -3.224964439868927002e-02 1.005654558539390564e-01 7.130364887416362762e-03
