1.051317341625690460e-02 -1.630303566344082355e-03 3.495233505964279175e-02 3.776943311095237732e-02
1.842189021408557892e-02 -1.162602007389068604e-02 2.124770730733871460e-02 3.166077658534049988e-02
-4.077296704053878784e-03 1.561344414949417114e-02 2.690354548394680023e-02 3.624184057116508484e-02
-1.331818755716085434e-03 -2.023711055517196655e-02 2.227880246937274933e-02 3.242311626672744751e-02
2.810372598469257355e-02 9.491975419223308563e-03 1.326648425310850143e-02 1.961259916424751282e-02
-1.539843995124101639e-02 -7.443487178534269333e-03 3.248799964785575867e-02 4.079671576619148254e-02
1.216659322381019592e-02 2.653756551444530487e-02 1.204869803041219711e-02 2.065953984856605530e-02
-2.474787645041942596e-02 1.568946428596973419e-02 1.216988544911146164e-02 2.146670222282409668e-02
-2.685711905360221863e-02 -4.097554367035627365e-03 5.095953494310379028e-02 3.756247833371162415e-02
-4.564729705452919006e-02 1.305527891963720322e-02 6.971488893032073975e-02 3.177538141608238220e-02
-1.118718273937702179e-02 3.250326029956340790e-03 3.980402275919914246e-02 3.849806636571884155e-02
-3.028023056685924530e-02 2.128563448786735535e-02 4.699394106864929199e-02 2.219478040933609009e-02
-4.275025799870491028e-02 -6.002395879477262497e-03 6.524803489446640015e-02 3.500895947217941284e-02
-3.180220350623130798e-02 3.052724059671163559e-03 2.499127015471458435e-02 1.831818372011184692e-02
-3.443244472146034241e-02 -1.611630432307720184e-02 4.754130542278289795e-02 2.212085388600826263e-02
-4.906630143523216248e-02 -1.966833882033824921e-02 7.811456173658370972e-02 2.353268675506114960e-02
-5.077600106596946716e-02 -5.375073757022619247e-03 8.783529698848724365e-02 2.315541356801986694e-02
-5.434741079807281494e-02 -6.418177857995033264e-03 1.063847094774246216e-01 1.856963150203227997e-02
-4.258462041616439819e-02 -4.687598440796136856e-03 6.362158805131912231e-02 2.465551346540451050e-02
-5.243077129125595093e-02 -1.997141167521476746e-02 9.255371242761611938e-02 1.728778891265392303e-02
-4.684272781014442444e-02 -2.983044460415840149e-02 9.029467403888702393e-02 1.334755588322877884e-02
-5.356254056096076965e-02 -2.161934971809387207e-02 1.116347685456275940e-01 1.796711981296539307e-02
-4.478172212839126587e-02 -3.358560428023338318e-02 1.144051700830459595e-01 1.097980979830026627e-02
-5.395875871181488037e-02 -1.961048133671283722e-02 1.242118850350379944e-01 1.919788494706153870e-02
-5.479865148663520813e-02 -3.458410501480102539e-03 1.358567178249359131e-01 2.046774141490459442e-02
-5.608275905251502991e-02 -6.170169450342655182e-03 1.518939882516860962e-01 1.825514063239097595e-02
-5.384635180234909058e-02 -2.118442952632904053e-02 1.529985070228576660e-01 1.669013313949108124e-02
-5.373338237404823303e-02 -2.076025120913982391e-02 1.405482739210128784e-01 1.660508476197719574e-02
-4.570979252457618713e-02 -3.215740993618965149e-02 1.300151944160461426e-01 1.212130486965179443e-02
-4.515921324491500854e-02 -3.287782892584800720e-02 1.437212675809860229e-01 1.132650580257177353e-02
-4.450729116797447205e-02 -3.331525996327400208e-02 1.596094816923141479e-01 1.078931242227554321e-02
-5.664532259106636047e-02 -7.590390276163816452e-03 1.651578694581985474e-01 1.727117784321308136e-02
-5.346549302339553833e-02 -2.283340319991111755e-02 1.652107834815979004e-01 1.799332164227962494e-02
-4.288509860634803772e-02 -3.454088419675827026e-02 1.707990467548370361e-01 6.717915181070566177e-03
-5.452974140644073486e-02 -1.737203449010848999e-02 1.774378567934036255e-01 1.564367488026618958e-02
-4.525851830840110779e-02 -2.920872718095779419e-02 1.797249615192413330e-01 1.088871713727712631e-02
-5.466154962778091431e-02 -1.106597669422626495e-02 1.831057518720626831e-01 1.665887236595153809e-02
-4.408225789666175842e-02 -1.165490038692951202e-02 1.968150436878204346e-01 1.010120660066604614e-02
-4.491402581334114075e-02 -2.230981551110744476e-02 1.889931708574295044e-01 1.060980185866355896e-02
-5.450146272778511047e-02 1.048247236758470535e-02 1.396564990282058716e-01 1.833049021661281586e-02
-5.664861947298049927e-02 7.636111229658126831e-03 1.583442986011505127e-01 1.817393489181995392e-02
-5.384365469217300415e-02 2.175927348434925079e-02 1.407467871904373169e-01 1.800045184791088104e-02
-5.435334891080856323e-02 2.185530401766300201e-02 1.631403118371963501e-01 1.875099726021289825e-02
-4.183598235249519348e-02 3.349616006016731262e-02 1.799141913652420044e-01 5.905226338654756546e-03
-4.536851122975349426e-02 3.281234204769134521e-02 1.519916653633117676e-01 1.224165689200162888e-02
-4.738139733672142029e-02 3.036070801317691803e-02 1.382349431514739990e-01 1.356513053178787231e-02
-4.753391072154045105e-02 2.998502925038337708e-02 1.686850041151046753e-01 1.380030810832977295e-02
-5.307603999972343445e-02 1.941560022532939911e-02 1.781794428825378418e-01 1.728161238133907318e-02
-5.385217815637588501e-02 7.739896886050701141e-03 1.863611936569213867e-01 1.618790626525878906e-02
-4.582272469997406006e-02 -1.947832875885069370e-03 1.973627507686614990e-01 1.109291613101959229e-02
-4.394325986504554749e-02 8.883851580321788788e-03 1.984893381595611572e-01 8.794655092060565948e-03
-5.649239197373390198e-02 7.466595619916915894e-03 1.706613004207611084e-01 1.746496371924877167e-02
-5.517327040433883667e-02 -2.798116765916347504e-03 1.847420036792755127e-01 1.677275076508522034e-02
-4.579278081655502319e-02 2.531543560326099396e-02 1.849067956209182739e-01 1.158083230257034302e-02
-4.321479052305221558e-02 1.981178112328052521e-02 1.929402202367782593e-01 9.013403207063674927e-03
-5.153132230043411255e-02 1.078396756201982498e-02 9.204521775245666504e-02 2.451242133975028992e-02
-5.464589968323707581e-02 6.500284653156995773e-03 1.184802055358886719e-01 2.211072109639644623e-02
-4.508451744914054871e-02 3.289547190070152283e-02 1.272723525762557983e-01 9.931594133377075195e-03
-5.379009991884231567e-02 2.142043225467205048e-02 1.220765933394432068e-01 1.794953271746635437e-02
-5.339668318629264832e-02 2.057340741157531738e-02 1.061513274908065796e-01 1.743335835635662079e-02
-5.018365755677223206e-02 2.262965962290763855e-02 9.292262792587280273e-02 2.203030698001384735e-02
-4.679365828633308411e-02 2.992937155067920685e-02 1.058681309223175049e-01 1.246461551636457443e-02
-4.524205625057220459e-02 3.290153667330741882e-02 1.177364364266395569e-01 1.073917374014854431e-02
