-1.464716624468564987e-03 -8.100097147689666599e-06 3.574360907077789307e-02 3.724208101630210876e-02
6.761135067790746689e-03 -1.056699734181165695e-02 1.619159430265426636e-02 2.473752945661544800e-02
-7.981370203197002411e-03 -1.253623701632022858e-02 1.409099344164133072e-02 2.318938076496124268e-02
-1.493329554796218872e-02 -7.897193427197635174e-04 1.247713807970285416e-02 2.152056246995925903e-02
-7.251359056681394577e-03 1.034399028867483139e-02 1.601776294410228729e-02 2.547919191420078278e-02
2.974672242999076843e-03 1.287339162081480026e-02 1.468249224126338959e-02 2.222383767366409302e-02
1.272730063647031784e-02 -1.029396546073257923e-03 1.484882365912199020e-02 2.392916753888130188e-02
1.139230281114578247e-02 9.013502858579158783e-03 1.322925090789794922e-02 2.081569284200668335e-02
6.456820294260978699e-03 -1.313723332714289427e-04 1.075318977236747742e-01 3.541359305381774902e-02
2.372139506042003632e-02 -1.176917721750214696e-04 1.093234941363334656e-01 3.416113555431365967e-02
3.866875544190406799e-02 1.693782769143581390e-02 1.054204404354095459e-01 1.925225928425788879e-02
3.871727362275123596e-02 -1.750519126653671265e-02 1.068259850144386292e-01 1.922376267611980438e-02
3.878536075353622437e-02 -1.338960323482751846e-02 1.186550855636596680e-01 1.884955354034900665e-02
3.743114694952964783e-02 -3.535916330292820930e-03 1.235401779413223267e-01 2.046835608780384064e-02
4.004522785544395447e-02 8.875072933733463287e-03 1.246807724237442017e-01 1.711995154619216919e-02
3.919426351785659790e-02 1.471496652811765671e-02 1.163956671953201294e-01 1.840893179178237915e-02
-1.608155551366508007e-03 -4.169969179201871157e-05 3.628882020711898804e-02 3.681214898824691772e-02
-8.810572326183319092e-03 1.133342084358446300e-04 5.499038100242614746e-02 4.094451293349266052e-02
-2.530169486999511719e-02 1.473477575927972794e-02 5.483940616250038147e-02 2.558497153222560883e-02
-2.374714054167270660e-02 -1.490215118974447250e-02 5.594230815768241882e-02 2.579474076628684998e-02
-3.347735106945037842e-02 -1.459986157715320587e-02 5.765994265675544739e-02 2.523961663246154785e-02
-2.532814443111419678e-02 -4.790289327502250671e-03 6.056309491395950317e-02 3.380971401929855347e-02
-3.590033575892448425e-02 1.703325845301151276e-02 5.701079592108726501e-02 2.198936603963375092e-02
-3.756161779165267944e-02 4.975549876689910889e-03 5.541913956403732300e-02 2.155155129730701447e-02
1.057096291333436966e-02 1.599361712578684092e-05 7.091674208641052246e-02 4.037104174494743347e-02
2.207413315773010254e-02 1.080357396858744323e-04 1.028066650032997131e-01 3.763932362198829651e-02
8.245161734521389008e-03 -6.233654130483046174e-05 9.099837392568588257e-02 3.894006833434104919e-02
2.278926782310009003e-02 -3.656617831438779831e-03 7.260243594646453857e-02 3.681255131959915161e-02
3.637570515275001526e-02 1.610759459435939789e-02 9.076485782861709595e-02 2.299611084163188934e-02
2.787099592387676239e-02 8.662822656333446503e-03 7.217404991388320923e-02 3.223107010126113892e-02
2.851736173033714294e-02 -9.160084649920463562e-03 7.534085214138031006e-02 3.077059052884578705e-02
3.657904267311096191e-02 -1.643739454448223114e-02 9.198999404907226562e-02 2.232494577765464783e-02
-1.151829119771718979e-02 -1.733737153699621558e-04 1.085226088762283325e-01 3.466792032122612000e-02
-2.325765416026115417e-02 -6.614332669414579868e-04 1.076042279601097107e-01 3.481047600507736206e-02
-3.979222103953361511e-02 -1.879851706326007843e-02 1.048007905483245850e-01 1.815456897020339966e-02
-3.754016384482383728e-02 -1.178089343011379242e-02 1.181793436408042908e-01 2.180560678243637085e-02
-3.584205359220504761e-02 -5.198037251830101013e-04 1.222059428691864014e-01 2.227592654526233673e-02
-3.811358287930488586e-02 1.698402315378189087e-02 1.042311266064643860e-01 2.046860940754413605e-02
-3.506336733698844910e-02 1.138669997453689575e-02 1.134567484259605408e-01 2.389370836317539215e-02
-3.841300308704376221e-02 9.174679405987262726e-03 1.225453615188598633e-01 1.928649470210075378e-02
-1.666680164635181427e-02 -9.129745740210637450e-05 6.314598768949508667e-02 4.205213859677314758e-02
-1.160487812012434006e-02 4.069081114721484482e-05 8.923201262950897217e-02 3.886919468641281128e-02
-2.199177630245685577e-02 1.616799127077683806e-04 9.992718696594238281e-02 3.813411667943000793e-02
-3.221352025866508484e-02 -1.316976454108953476e-02 7.209246605634689331e-02 2.719756215810775757e-02
-2.890948764979839325e-02 9.453736245632171631e-03 7.172443717718124390e-02 3.105311654508113861e-02
-3.181872889399528503e-02 -1.143763121217489243e-02 8.961094915866851807e-02 2.763763256371021271e-02
-3.291155397891998291e-02 1.283201295882463455e-02 8.782504498958587646e-02 2.641854993999004364e-02
8.288457058370113373e-03 6.711911555612459779e-05 5.341058596968650818e-02 4.257205128669738770e-02
2.352611348032951355e-02 5.703046917915344238e-03 6.082198396325111389e-02 3.578814491629600525e-02
3.714850917458534241e-02 -1.843684911727905273e-02 5.970210582017898560e-02 2.075206302106380463e-02
3.101440146565437317e-02 -1.381904445588588715e-02 5.657724291086196899e-02 2.745875529944896698e-02
3.328317403793334961e-02 1.569980569183826447e-02 5.623601377010345459e-02 2.467045746743679047e-02
3.387227654457092285e-02 1.510457135736942291e-02 6.461963057518005371e-02 2.357600443065166473e-02
3.425134345889091492e-02 -1.667841454036533833e-03 5.642805621027946472e-02 2.427672781050205231e-02
