-1.071386155672371387e-03 1.333634834736585617e-02 -5.054901540279388428e-02 4.532789438962936401e-02
4.674198571592569351e-04 -2.623913751449435949e-04 -4.039477929472923279e-02 4.231942445039749146e-02
1.129963994026184082e-02 -6.089525297284126282e-03 -6.159836053848266602e-02 3.304566442966461182e-02
-6.696114316582679749e-03 -1.472830213606357574e-02 -6.392524391412734985e-02 3.001165762543678284e-02
1.598641648888587952e-02 -1.943161441886331886e-05 -6.461985409259796143e-02 2.808227948844432831e-02
1.433812547475099564e-02 1.084791496396064758e-02 -6.345537304878234863e-02 2.916575595736503601e-02
-1.212045922875404358e-02 -1.351783634163439274e-03 -6.085185334086418152e-02 3.493340685963630676e-02
8.007848635315895081e-03 -1.794708333909511566e-02 -6.686476618051528931e-02 2.509209327399730682e-02
-1.205862406641244888e-02 -1.683481410145759583e-02 -1.561248581856489182e-02 2.721770852804183960e-02
-1.623428799211978912e-02 1.576666906476020813e-02 -1.829314604401588440e-02 2.835956774652004242e-02
2.075061202049255371e-02 -1.896058965940028429e-04 -1.531216315925121307e-02 2.645859867334365845e-02
4.567201249301433563e-03 -2.106047794222831726e-02 -1.442078407853841782e-02 2.564908005297183990e-02
1.688008755445480347e-02 -1.355263590812683105e-02 -1.452605985105037689e-02 2.455441653728485107e-02
-2.131353691220283508e-02 -1.022695563733577728e-03 -2.000041492283344269e-02 2.342793904244899750e-02
1.522786635905504227e-02 1.630113460123538971e-02 -2.400496229529380798e-02 2.565160579979419708e-02
8.361833752132952213e-04 1.041823811829090118e-02 -3.441056981682777405e-02 3.979439660906791687e-02
-1.682183519005775452e-02 1.237158626317977905e-01 -5.367484688758850098e-02 1.528208330273628235e-02
-5.855818017153069377e-05 9.744019806385040283e-02 -4.346770793199539185e-02 3.088354133069515228e-02
2.360359503654763103e-04 1.105567365884780884e-01 -5.347050726413726807e-02 2.321906015276908875e-02
-2.659654431045055389e-02 1.301325559616088867e-01 -5.134786292910575867e-02 7.211965508759021759e-03
-1.927290111780166626e-03 1.262422949075698853e-01 -6.841979920864105225e-02 1.062042172998189926e-02
1.834350451827049255e-02 1.313350945711135864e-01 -6.093278527259826660e-02 6.267790682613849640e-03
9.011246263980865479e-03 1.299393475055694580e-01 -6.499662250280380249e-02 7.106162142008543015e-03
-1.211448106914758682e-02 1.293935626745223999e-01 -6.313244253396987915e-02 8.672554045915603638e-03
1.533991744508966804e-04 2.042454853653907776e-02 -4.567023366689682007e-02 4.032205045223236084e-02
3.650626968010328710e-05 5.146747082471847534e-02 -3.863259777426719666e-02 3.488911315798759460e-02
-1.817313896026462317e-04 3.941262885928153992e-02 -3.630750998854637146e-02 3.584244474768638611e-02
-7.057013863231986761e-05 2.369569987058639526e-02 -3.386223688721656799e-02 3.839657828211784363e-02
3.214079653844237328e-03 2.007983066141605377e-02 -3.108837828040122986e-02 3.548534214496612549e-02
7.892210967838764191e-03 2.961295098066329956e-02 -2.681162022054195404e-02 2.909070812165737152e-02
-2.805105410516262054e-03 2.383575029671192169e-02 -3.087501600384712219e-02 3.671929985284805298e-02
-2.015505197050515562e-05 3.817055746912956238e-02 -4.156913235783576965e-02 3.625551611185073853e-02
9.154281724477186799e-05 7.949302345514297485e-02 -3.843918815255165100e-02 3.275225311517715454e-02
3.416098024899838492e-06 6.539569050073623657e-02 -3.853007033467292786e-02 3.314487263560295105e-02
-2.269415563205257058e-04 7.551767677068710327e-02 -3.841315954923629761e-02 3.227064386010169983e-02
-1.257814466953277588e-02 1.141608059406280518e-01 -4.605694115161895752e-02 2.200839854776859283e-02
-7.399724563583731651e-04 1.007582098245620728e-01 -3.735538199543952942e-02 3.257295116782188416e-02
-8.747207932174205780e-03 1.111219525337219238e-01 -3.217177093029022217e-02 2.287131175398826599e-02
-8.641213178634643555e-03 1.195266097784042358e-01 -2.180803380906581879e-02 1.497794128954410553e-02
-2.322147600352764130e-02 1.253682076930999756e-01 -3.886784240603446960e-02 1.340286340564489365e-02
-1.246395334601402283e-02 1.303433477878570557e-01 -1.379778515547513962e-02 8.041713386774063110e-03
-2.210567332804203033e-02 1.272931396961212158e-01 -2.529560029506683350e-02 1.184064801782369614e-02
6.093051284551620483e-03 1.167116612195968628e-01 -5.373213440179824829e-02 1.996347680687904358e-02
1.782960630953311920e-02 1.232616007328033447e-01 -5.219152942299842834e-02 1.496966555714607239e-02
6.177317118272185326e-04 9.742484241724014282e-02 -3.836986422538757324e-02 3.264597803354263306e-02
1.202083472162485123e-02 1.130263879895210266e-01 -3.731428459286689758e-02 2.183444984257221222e-02
3.433427540585398674e-03 1.040150672197341919e-01 -4.072198271751403809e-02 2.862644195556640625e-02
2.472687326371669769e-02 1.277873963117599487e-01 -4.700663685798645020e-02 1.089339144527912140e-02
2.571028657257556915e-02 1.281004995107650757e-01 -3.306916356086730957e-02 1.033070404082536697e-02
2.588044665753841400e-02 1.339549869298934937e-01 -2.214733883738517761e-02 2.913940930739045143e-03
1.273462694371119142e-04 9.892281889915466309e-02 -3.839947655797004700e-02 3.279236331582069397e-02
6.356736179441213608e-03 1.268925517797470093e-01 -1.442294847220182419e-02 1.168203726410865784e-02
3.408656630199402571e-04 1.133231520652770996e-01 -2.593684569001197815e-02 2.081175707280635834e-02
2.181964460760354996e-03 1.053076758980751038e-01 -3.448102250695228577e-02 2.764168754220008850e-02
1.015647873282432556e-02 1.141176596283912659e-01 -2.972021698951721191e-02 2.062892168760299683e-02
-2.876126440241932869e-03 1.276119798421859741e-01 -1.316856127232313156e-02 9.730925783514976501e-03
2.166019380092620850e-02 1.294723749160766602e-01 -2.202270925045013428e-02 7.602999918162822723e-03
1.766167581081390381e-02 1.301226168870925903e-01 -1.726261340081691742e-02 8.279517292976379395e-03
