-1.013974472880363464e-02 -3.814632946159690619e-04 2.600369334686547518e-04 3.798020258545875549e-02
-1.224174723029136658e-02 2.059764601290225983e-02 -1.577025093138217926e-02 1.652408577501773834e-02
-1.262774411588907242e-02 -1.013312488794326782e-03 1.437887735664844513e-02 4.734386503696441650e-02
-3.097751643508672714e-03 2.755163237452507019e-02 -2.012206614017486572e-02 8.707339875400066376e-03
-2.977688796818256378e-02 -2.922854945063591003e-02 7.463153451681137085e-03 1.830099150538444519e-02
-3.002823330461978912e-02 2.906710468232631683e-02 7.486877031624317169e-03 1.836096495389938354e-02
-1.141504384577274323e-02 -2.109527587890625000e-02 -1.595575548708438873e-02 1.562557928264141083e-02
-2.833134867250919342e-02 2.578132040798664093e-02 4.187760502099990845e-02 7.534581236541271210e-03
4.649931099265813828e-03 4.049173556268215179e-03 3.735390026122331619e-03 4.283173754811286926e-02
3.430081065744161606e-03 -5.080440547317266464e-03 5.395349115133285522e-03 4.343836382031440735e-02
2.141620405018329620e-02 -9.933733381330966949e-04 2.952410653233528137e-02 3.078045323491096497e-02
1.329836528748273849e-02 1.201234105974435806e-02 2.556049078702926636e-02 3.349405154585838318e-02
4.375070706009864807e-02 2.552811615169048309e-02 4.465036094188690186e-03 8.581372909247875214e-03
1.631205156445503235e-02 -7.029452361166477203e-03 7.529911585152149200e-03 3.583153709769248962e-02
5.175333097577095032e-02 -7.779627921991050243e-04 -2.718995092436671257e-03 4.467917606234550476e-03
4.808292537927627563e-02 1.176975574344396591e-02 5.256037693470716476e-03 1.028815563768148422e-02
-1.593246683478355408e-02 7.097852881997823715e-03 2.524857595562934875e-02 3.010916709899902344e-02
1.321966294199228287e-02 8.737788535654544830e-03 1.906442642211914062e-02 2.863088436424732208e-02
-1.829240284860134125e-02 5.697012878954410553e-03 7.978309877216815948e-03 2.367191761732101440e-02
-1.139902602881193161e-02 2.137839794158935547e-02 2.627936750650405884e-02 2.399118244647979736e-02
-2.583267726004123688e-02 2.180703915655612946e-02 7.741556502878665924e-03 1.109856460243463516e-02
7.176071871072053909e-03 2.456615120172500610e-02 3.339564800262451172e-02 2.409679442644119263e-02
-5.070023704320192337e-03 2.158545888960361481e-02 3.000579401850700378e-02 2.772900648415088654e-02
-2.192540792748332024e-03 -7.161237765103578568e-03 1.870523020625114441e-02 3.605436906218528748e-02
-3.874246031045913696e-03 -1.114047784358263016e-02 1.606358028948307037e-02 3.590115159749984741e-02
-1.687244698405265808e-02 -4.830295965075492859e-02 4.598882049322128296e-03 8.113100193440914154e-03
-2.487099543213844299e-02 -4.260748252272605896e-02 4.444395657628774643e-03 7.222777698189020157e-03
1.343589683528989553e-04 -4.726523533463478088e-02 4.303461872041225433e-03 8.010884746909141541e-03
-2.824674360454082489e-02 -3.626954182982444763e-02 4.121340811252593994e-03 5.345799494534730911e-03
7.520674262195825577e-03 -4.608536884188652039e-02 4.821405746042728424e-03 5.021696444600820541e-03
-6.445598322898149490e-03 -4.926846921443939209e-02 4.332060925662517548e-03 7.652101572602987289e-03
-3.391293284948915243e-05 -1.324916724115610123e-02 -5.796776618808507919e-03 3.072332218289375305e-02
-6.135474424809217453e-03 -2.074769511818885803e-02 2.927022427320480347e-02 3.095162473618984222e-02
1.715263165533542633e-02 -9.389983490109443665e-03 2.785907313227653503e-02 2.997512556612491608e-02
-2.359656617045402527e-02 -3.078146651387214661e-02 7.465269882231950760e-03 1.495556905865669250e-02
2.701833611354231834e-03 -4.653821699321269989e-03 6.386470980942249298e-03 4.308925941586494446e-02
1.359599921852350235e-02 -2.058110199868679047e-02 3.182550147175788879e-02 2.600532397627830505e-02
1.599894091486930847e-02 -9.903538972139358521e-03 1.166036166250705719e-02 3.657449781894683838e-02
6.379198282957077026e-03 -4.943180456757545471e-02 4.554366227239370346e-03 8.958334103226661682e-03
3.408113121986389160e-02 -3.650131821632385254e-02 3.743259003385901451e-03 7.900482974946498871e-03
6.870426237583160400e-03 -1.198285538703203201e-02 1.995844207704067230e-02 3.230546414852142334e-02
3.825209569185972214e-03 -6.507406011223793030e-03 2.126129984389990568e-04 2.856456860899925232e-02
3.288530185818672180e-02 -2.586291916668415070e-02 7.054169662296772003e-03 1.015060860663652420e-02
2.059723436832427979e-02 -3.010468557476997375e-02 8.004939183592796326e-03 1.161695644259452820e-02
2.656859345734119415e-02 -4.246578738093376160e-02 4.481889773160219193e-03 8.637554943561553955e-03
1.467580907046794891e-02 -4.768041148781776428e-02 4.636885132640600204e-03 8.992212824523448944e-03
1.299602724611759186e-02 -3.943566977977752686e-02 6.815610453486442566e-03 9.647659026086330414e-03
-6.404374726116657257e-03 1.793356426060199738e-02 1.271899789571762085e-02 3.012354485690593719e-02
3.899997798725962639e-03 4.703185707330703735e-02 3.709736047312617302e-03 6.026685703545808792e-03
-6.086986511945724487e-03 4.784027487039566040e-02 4.850155673921108246e-03 8.971911855041980743e-03
-1.617186702787876129e-02 4.788642749190330505e-02 4.553423728793859482e-03 8.210668340325355530e-03
-2.438602037727832794e-02 4.175525903701782227e-02 5.193156190216541290e-03 9.153299964964389801e-03
-2.944994531571865082e-02 3.559176996350288391e-02 3.277626121416687965e-03 3.738315775990486145e-03
1.533336399006657302e-05 1.692482386715710163e-03 1.052413694560527802e-02 4.333786666393280029e-02
3.219507401809096336e-03 1.558105647563934326e-02 2.409433573484420776e-02 3.028635866940021515e-02
1.179084833711385727e-02 1.840321905910968781e-02 2.870538830757141113e-02 2.808419428765773773e-02
2.959754504263401031e-02 1.711635850369930267e-02 1.003275532275438309e-02 1.639286242425441742e-02
6.696815602481365204e-03 4.859590157866477966e-02 4.833329934626817703e-03 9.887587279081344604e-03
1.982983015477657318e-02 4.659309238195419312e-02 4.684336949139833450e-03 8.926134556531906128e-03
2.957985363900661469e-02 3.968757018446922302e-02 4.536522552371025085e-03 8.775115944445133209e-03
3.881870955228805542e-02 3.204547986388206482e-02 3.762861015275120735e-03 7.661454379558563232e-03
