6.683364335913211107e-05 1.342179812490940094e-02 -6.625483930110931396e-02 4.884989559650421143e-02
2.030690229730680585e-04 3.723317640833556652e-04 -6.223709136247634888e-02 4.613918438553810120e-02
1.001382479444146156e-03 1.569987088441848755e-02 -8.426333218812942505e-02 3.779146447777748108e-02
-1.411977503448724747e-02 9.470438584685325623e-03 -8.668823540210723877e-02 3.551222383975982666e-02
1.550039183348417282e-02 8.923990651965141296e-03 -8.853728324174880981e-02 3.378670662641525269e-02
1.423348952084779739e-02 -8.570454083383083344e-03 -8.869203925132751465e-02 3.411883860826492310e-02
-1.242189016193151474e-02 -8.236482739448547363e-03 -8.681505918502807617e-02 3.678655996918678284e-02
6.092901458032429218e-04 -1.421591360121965408e-02 -8.607109636068344116e-02 3.735304251313209534e-02
-3.440685031819157302e-05 2.704072929918766022e-02 -3.935772553086280823e-02 4.716338589787483215e-02
-8.975721357273869216e-06 4.445243626832962036e-03 -4.320895299315452576e-02 5.013436451554298401e-02
-1.849579066038131714e-02 2.214527130126953125e-02 -1.981306821107864380e-02 2.805364131927490234e-02
1.845586299896240234e-02 2.096119336783885956e-02 -2.009956166148185730e-02 2.758773788809776306e-02
2.338290959596633911e-02 4.560614470392465591e-03 -1.658105291426181793e-02 2.896969951689243317e-02
-2.949904836714267731e-02 1.014668680727481842e-02 -1.666374504566192627e-02 1.735488511621952057e-02
-3.011303581297397614e-02 -8.113093674182891846e-03 -1.507338322699069977e-02 1.794396154582500458e-02
-2.287712506949901581e-02 -2.318971417844295502e-02 -9.485955350100994110e-03 1.731462217867374420e-02
5.791987496195361018e-05 9.940664470195770264e-02 -4.583517462015151978e-02 4.333904013037681580e-02
-1.426392409484833479e-04 7.890566438436508179e-02 -5.113071575760841370e-02 3.904261067509651184e-02
-9.790304466150701046e-05 5.844036117196083069e-02 -5.077728256583213806e-02 3.994715213775634766e-02
-1.435417561879148707e-05 4.557632654905319214e-02 -5.395585671067237854e-02 3.970547765493392944e-02
-5.128932185471057892e-03 3.988441452383995056e-02 -4.214462637901306152e-02 3.570198640227317810e-02
6.359655410051345825e-03 3.623861074447631836e-02 -3.623721748590469360e-02 3.871808946132659912e-02
-8.541308488929644227e-05 3.872796520590782166e-02 -5.203844234347343445e-02 4.523437842726707458e-02
-4.017715400550514460e-04 1.196270361542701721e-01 -4.558472707867622375e-02 4.468349739909172058e-02
-7.298924960196018219e-03 1.389243006706237793e-01 -3.669217228889465332e-02 3.331654891371726990e-02
-2.840059995651245117e-02 1.565577238798141479e-01 -2.660288102924823761e-02 1.140554901212453842e-02
-7.460055872797966003e-03 1.471143364906311035e-01 -2.580788172781467438e-02 2.202627994120121002e-02
-2.548673003911972046e-02 1.589771211147308350e-01 -2.084922976791858673e-02 8.786860853433609009e-03
-1.753902807831764221e-02 1.599384546279907227e-01 -1.411010883748531342e-02 8.392947725951671600e-03
-2.494262531399726868e-03 1.626297384500503540e-01 -7.048937957733869553e-03 3.590516047552227974e-03
-7.993148639798164368e-03 1.590664088726043701e-01 -1.049190759658813477e-02 8.545059710741043091e-03
-2.428257279098033905e-02 1.499439924955368042e-01 -5.084197968244552612e-02 2.338042668998241425e-02
-1.123463152907788754e-03 1.199398487806320190e-01 -4.636855423450469971e-02 4.395960271358489990e-02
-1.938561163842678070e-02 1.507116705179214478e-01 -6.262276321649551392e-02 2.215183898806571960e-02
-3.382514417171478271e-02 1.597137153148651123e-01 -3.081504814326763153e-02 1.034357864409685135e-02
-1.035131886601448059e-02 1.502357274293899536e-01 -6.939862668514251709e-02 2.243565209209918976e-02
-1.128642912954092026e-02 1.387843489646911621e-01 -4.480082169175148010e-02 3.235376998782157898e-02
-3.847312182188034058e-02 1.625905930995941162e-01 -4.297407343983650208e-02 5.156356375664472580e-03
-2.434121561236679554e-04 1.935431064339354634e-04 -4.005920886993408203e-02 5.185498297214508057e-02
1.750495284795761108e-02 3.223118837922811508e-03 -2.235573530197143555e-02 3.461364656686782837e-02
-1.349291857331991196e-02 -1.182450819760560989e-02 -2.184074185788631439e-02 3.325561806559562683e-02
-5.415698047727346420e-03 -1.943225227296352386e-02 -2.045421302318572998e-02 3.206850215792655945e-02
1.987444423139095306e-02 -1.189737673848867416e-02 -1.686653494834899902e-02 2.903037704527378082e-02
1.398403197526931763e-02 -2.769973315298557281e-02 -1.064961869269609451e-02 1.939283683896064758e-02
4.699731653090566397e-04 -3.085258603096008301e-02 -1.006795652210712433e-02 1.886450126767158508e-02
1.076016225852072239e-03 1.212886646389961243e-01 -4.690832644701004028e-02 4.286904260516166687e-02
1.272213412448763847e-03 1.344864070415496826e-01 -5.371657013893127441e-02 3.608903288841247559e-02
2.156148664653301239e-02 1.486110687255859375e-01 -4.840290546417236328e-02 2.501927129924297333e-02
1.996864192187786102e-02 1.492722928524017334e-01 -5.970520898699760437e-02 2.285915985703468323e-02
5.664626602083444595e-03 1.522692441940307617e-01 -7.438996434211730957e-02 1.859589107334613800e-02
-3.579301293939352036e-03 1.528664529323577881e-01 -7.400379329919815063e-02 1.860023289918899536e-02
1.656648144125938416e-02 1.534246653318405151e-01 -7.076160609722137451e-02 1.780802942812442780e-02
2.599594928324222565e-02 1.521424949169158936e-01 -5.693848431110382080e-02 2.023591846227645874e-02
4.093158931937068701e-04 1.199883818626403809e-01 -4.546379670500755310e-02 4.361200705170631409e-02
4.287981893867254257e-03 1.401122957468032837e-01 -3.324779495596885681e-02 3.053987026214599609e-02
1.359291467815637589e-02 1.404513567686080933e-01 -4.050996154546737671e-02 2.948410250246524811e-02
1.464157830923795700e-02 1.510067135095596313e-01 -2.528158761560916901e-02 2.153986692428588867e-02
2.993387635797262192e-03 1.523033976554870605e-01 -1.855610497295856476e-02 1.897156238555908203e-02
3.382281959056854248e-02 1.569802761077880859e-01 -4.040914028882980347e-02 1.165204495191574097e-02
3.179921209812164307e-02 1.590036302804946899e-01 -2.816760726273059845e-02 9.878019802272319794e-03
1.655627228319644928e-02 1.652203053236007690e-01 -8.302226662635803223e-03 1.514166797278448939e-04
