5.662330985069274902e-02 2.473585158586502075e-01 -4.768410697579383850e-02 1.358713023364543915e-02
5.551892518997192383e-02 2.482764869928359985e-01 -3.757509961724281311e-02 1.306818984448909760e-02
5.701841786503791809e-02 2.332414537668228149e-01 -3.936022147536277771e-02 1.486460212618112564e-02
5.693326890468597412e-02 2.333538979291915894e-01 -4.689428955316543579e-02 1.409529428929090500e-02
5.966050177812576294e-02 2.154429107904434204e-01 -4.887266084551811218e-02 1.084236428141593933e-02
5.965841189026832581e-02 2.138994932174682617e-01 -3.658476099371910095e-02 1.053164619952440262e-02
5.917055532336235046e-02 1.986597478389739990e-01 -3.846999630331993103e-02 1.046105101704597473e-02
5.960472300648689270e-02 2.004507780075073242e-01 -4.958022013306617737e-02 8.602592162787914276e-03
-7.204994559288024902e-03 1.079629659652709961e-01 7.213830947875976562e-02 3.388030454516410828e-02
-4.205778986215591431e-02 1.115549728274345398e-01 6.990348547697067261e-02 2.994943223893642426e-02
-2.790827862918376923e-02 1.094193831086158752e-01 7.338835299015045166e-02 3.230474889278411865e-02
-2.420009486377239227e-02 1.106497198343276978e-01 5.932241305708885193e-02 2.211624011397361755e-02
-5.336464382708072662e-04 9.113223105669021606e-02 5.291658267378807068e-02 1.022937800735235214e-02
-8.052722550928592682e-03 9.173416346311569214e-02 2.560240030288696289e-02 1.310875546187162399e-02
-8.711323142051696777e-03 9.063585102558135986e-02 4.370191320776939392e-02 1.468996144831180573e-02
4.392887058202177286e-04 9.088699519634246826e-02 3.409580141305923462e-02 7.435700856149196625e-03
4.167709499597549438e-02 1.093621328473091125e-01 6.583447754383087158e-02 2.832353860139846802e-02
1.169465016573667526e-02 1.080700829625129700e-01 7.232028990983963013e-02 3.372401744127273560e-02
2.562890946865081787e-02 1.079175323247909546e-01 7.188752293586730957e-02 3.351735323667526245e-02
4.215479269623756409e-02 1.134989336133003235e-01 7.335674762725830078e-02 2.878171019256114960e-02
9.500439278781414032e-03 9.256725013256072998e-02 4.972166195511817932e-02 1.774953864514827728e-02
2.736536785960197449e-03 9.090740978717803955e-02 3.384781628847122192e-02 7.478578481823205948e-03
3.378654364496469498e-03 1.082541421055793762e-01 7.218594104051589966e-02 3.318599238991737366e-02
9.438868612051010132e-03 9.155648201704025269e-02 2.751226723194122314e-02 1.191350445151329041e-02
-5.628141760826110840e-02 2.467613667249679565e-01 -4.872001707553863525e-02 1.169122196733951569e-02
-5.690125375986099243e-02 2.479963749647140503e-01 -3.835921362042427063e-02 1.161021552979946136e-02
-5.694805085659027100e-02 2.320566773414611816e-01 -3.881340473890304565e-02 1.265444699674844742e-02
-5.745718628168106079e-02 2.296174168586730957e-01 -4.726704582571983337e-02 1.236915215849876404e-02
-5.954797193408012390e-02 2.140285074710845947e-01 -3.673554956912994385e-02 9.977837093174457550e-03
-5.965859815478324890e-02 2.119362503290176392e-01 -4.861065372824668884e-02 1.031228248029947281e-02
-5.891116335988044739e-02 1.961430460214614868e-01 -4.819260537624359131e-02 1.044503320008516312e-02
-5.915129557251930237e-02 1.975052803754806519e-01 -3.737777471542358398e-02 1.039713900536298752e-02
-3.502013534307479858e-02 1.449981778860092163e-01 -5.444243177771568298e-02 3.394957631826400757e-02
-2.845407929271459579e-03 1.437569111585617065e-01 -4.562667757272720337e-02 4.523443430662155151e-02
-2.231132239103317261e-02 1.322037726640701294e-01 -4.227051138877868652e-02 4.625159129500389099e-02
-5.813808180391788483e-03 1.598463356494903564e-01 -2.724238671362400055e-02 2.804458513855934143e-02
-5.763757228851318359e-02 1.824673265218734741e-01 -4.271284118294715881e-02 1.806429587304592133e-02
-4.489731043577194214e-02 1.644738167524337769e-01 -2.698401547968387604e-02 2.801385521888732910e-02
-2.405347302556037903e-02 1.665164083242416382e-01 -2.041174285113811493e-02 1.988519169390201569e-02
-4.500391334295272827e-02 1.603500247001647949e-01 -4.732119664549827576e-02 2.375091239809989929e-02
2.136874012649059296e-02 1.301885098218917847e-01 -4.370462149381637573e-02 4.546625912189483643e-02
5.271452479064464569e-03 1.459728926420211792e-01 -3.699152171611785889e-02 4.067229107022285461e-02
1.401597727090120316e-02 1.612096577882766724e-01 -6.206460669636726379e-02 2.726673334836959839e-02
5.771097168326377869e-02 1.838796734809875488e-01 -4.314415529370307922e-02 1.847302168607711792e-02
4.263138771057128906e-02 1.604732125997543335e-01 -5.885527655482292175e-02 3.015011921525001526e-02
3.778844699263572693e-02 1.469250917434692383e-01 -2.996362932026386261e-02 3.193791583180427551e-02
5.764754489064216614e-02 1.745366603136062622e-01 -3.453272581100463867e-02 6.542001385241746902e-03
5.989395081996917725e-03 9.740515053272247314e-02 -4.293102398514747620e-02 5.102740973234176636e-02
2.666514774318784475e-04 4.220191016793251038e-02 -6.144762411713600159e-02 4.705808311700820923e-02
7.620483665959909558e-05 4.143312945961952209e-02 -2.464972250163555145e-02 4.637059196829795837e-02
-6.007689982652664185e-03 9.476034343242645264e-02 -4.381085187196731567e-02 4.964821040630340576e-02
-3.137760562822222710e-03 8.629730343818664551e-02 1.556512783281505108e-03 2.214332297444343567e-02
3.653395455330610275e-03 8.768967539072036743e-02 5.313234403729438782e-03 2.046133577823638916e-02
4.450499080121517181e-03 5.484575033187866211e-02 -2.068519592285156250e-02 3.843219578266143799e-02
-5.483969580382108688e-03 5.476150661706924438e-02 -1.959928497672080994e-02 3.664918988943099976e-02
-5.043259006924927235e-04 2.444083220325410366e-04 -6.613757461309432983e-02 4.084608331322669983e-02
-7.715836545685306191e-06 5.710254772566258907e-04 -2.069898694753646851e-02 4.138056933879852295e-02
8.364239329239353538e-05 1.965359784662723541e-02 -2.280530519783496857e-02 4.389867931604385376e-02
2.874073834391310811e-05 3.468629345297813416e-02 -6.177400797605514526e-02 4.358775913715362549e-02
1.927357516251504421e-04 4.149059206247329712e-02 -3.251619637012481689e-02 4.462435841560363770e-02
6.309533491730690002e-03 1.097308285534381866e-02 -7.057287544012069702e-02 3.642187640070915222e-02
-1.722266082651913166e-03 1.831987127661705017e-02 -6.515824049711227417e-02 4.063257575035095215e-02
