-3.908133294316940010e-06 -3.478479338809847832e-04 -5.179088562726974487e-02 3.678271919488906860e-02
-2.346476912498474121e-02 -1.037746318615972996e-03 -7.527823746204376221e-02 1.536038890480995178e-02
2.114780992269515991e-02 -1.541696023195981979e-03 -7.317307591438293457e-02 1.787443645298480988e-02
1.972065307199954987e-02 -1.223740354180335999e-02 -7.632818073034286499e-02 1.489426381886005402e-02
1.252833940088748932e-02 -2.035612054169178009e-02 -7.631961256265640259e-02 1.389772072434425354e-02
1.126649905927479267e-03 -2.227781526744365692e-02 -7.548025995492935181e-02 1.627766527235507965e-02
-9.820106439292430878e-03 -1.828606985509395599e-02 -7.297319173812866211e-02 1.878446713089942932e-02
-1.810169965028762817e-02 -1.142992731183767319e-02 -7.460071891546249390e-02 1.688152179121971130e-02
-7.275742013007402420e-03 3.054441884160041809e-02 -5.022237077355384827e-02 3.639325127005577087e-02
-2.679494442418217659e-03 1.183296833187341690e-02 -5.082911998033523560e-02 4.063538089394569397e-02
-2.131048589944839478e-02 2.361539006233215332e-02 -6.592936068773269653e-02 2.524136938154697418e-02
1.365400664508342743e-02 3.111338429152965546e-02 -5.546234920620918274e-02 3.455839306116104126e-02
9.080226533114910126e-03 5.097680166363716125e-02 -4.297224432229995728e-02 3.962638229131698608e-02
-2.048834599554538727e-02 5.480339750647544861e-02 -5.598542466759681702e-02 2.674280293285846710e-02
-2.541677094995975494e-02 4.535522311925888062e-02 -6.369685381650924683e-02 2.315827272832393646e-02
-9.591054171323776245e-03 2.598256617784500122e-02 -3.265063837170600891e-02 3.667688369750976562e-02
-1.018079556524753571e-02 5.644257739186286926e-02 -4.305306822061538696e-02 3.684486076235771179e-02
-3.352855518460273743e-02 5.965369939804077148e-02 -6.718795001506805420e-02 1.392398402094841003e-02
-3.450475633144378662e-02 7.084202021360397339e-02 -6.304360181093215942e-02 1.259097736328840256e-02
-3.558677807450294495e-02 7.834612578153610229e-02 -5.505935475230216980e-02 1.144018676131963730e-02
-3.258199617266654968e-02 7.764397561550140381e-02 -3.653157129883766174e-02 1.497712265700101852e-02
-3.604324534535408020e-02 8.169791102409362793e-02 -4.612477123737335205e-02 1.085380464792251587e-02
-3.483661264181137085e-02 7.493101805448532104e-02 -2.709072269499301910e-02 1.266605406999588013e-02
-3.721433132886886597e-02 6.778394430875778198e-02 -1.810921356081962585e-02 9.585901163518428802e-03
1.264085154980421066e-02 5.483406782150268555e-02 -4.272872582077980042e-02 3.466832637786865234e-02
9.669899009168148041e-03 3.440805152058601379e-02 -3.494363278150558472e-02 3.793205693364143372e-02
2.132667973637580872e-02 4.303989559412002563e-02 -5.796562507748603821e-02 2.877665124833583832e-02
2.576236426830291748e-02 4.569164663553237915e-02 -2.357265166938304901e-02 2.481855638325214386e-02
3.006947226822376251e-02 6.560286879539489746e-02 -2.792863547801971436e-02 2.260693721473217010e-02
3.090161271393299103e-02 7.494711875915527344e-02 -4.041763022541999817e-02 2.031994983553886414e-02
3.156306222081184387e-02 7.189482450485229492e-02 -5.506492406129837036e-02 1.946526020765304565e-02
2.993786893784999847e-02 5.870588496327400208e-02 -6.173191592097282410e-02 2.091985754668712616e-02
2.873431332409381866e-02 2.404305338859558105e-02 -1.274909172207117081e-02 1.312709506601095200e-02
3.243254963308572769e-03 2.890227735042572021e-02 -3.979295864701271057e-02 4.136893525719642639e-02
3.052916750311851501e-02 3.390205278992652893e-02 -1.494861207902431488e-02 1.294832676649093628e-02
3.236471116542816162e-02 3.398945555090904236e-02 -7.266974449157714844e-02 1.039553061127662659e-02
-3.057124093174934387e-02 3.620911389589309692e-02 -1.572299934923648834e-02 1.378086488693952560e-02
-2.739751338958740234e-02 2.892515622079372406e-02 -1.589441485702991486e-02 1.515404228121042252e-02
-2.849697135388851166e-02 2.109404094517230988e-02 -1.173022948205471039e-02 1.258909236639738083e-02
3.049729578197002411e-02 2.664519287645816803e-02 -7.370477914810180664e-02 1.083479169756174088e-02
1.592858097865246236e-05 1.262469217181205750e-03 -3.046305105090141296e-02 3.500083833932876587e-02
1.461939886212348938e-02 1.801312156021595001e-02 -2.399042621254920959e-02 3.140113130211830139e-02
-1.195934880524873734e-02 2.501208707690238953e-02 -3.007396683096885681e-02 3.677742928266525269e-02
-2.249118871986865997e-02 4.536332562565803528e-03 -1.183016970753669739e-02 1.980503462255001068e-02
2.009558118879795074e-02 -1.649114885367453098e-03 -1.149809081107378006e-02 2.021221444010734558e-02
-1.429201476275920868e-02 -1.192623283714056015e-02 -1.162933465093374252e-02 2.098976075649261475e-02
1.253204885870218277e-02 -1.511479448527097702e-02 -1.221987605094909668e-02 1.999132521450519562e-02
-1.408160431310534477e-03 -1.979104615747928619e-02 -1.143424957990646362e-02 1.945177093148231506e-02
-1.060150656849145889e-02 5.633158981800079346e-02 -4.304705187678337097e-02 3.638359904289245605e-02
5.681615788489580154e-03 4.633686318993568420e-02 -4.293794184923171997e-02 4.071901366114616394e-02
-2.051658183336257935e-02 6.536956131458282471e-02 -3.850347176194190979e-02 2.599279768764972687e-02
-7.495134137570858002e-03 4.208976775407791138e-02 -4.738621041178703308e-02 3.936602920293807983e-02
-1.271120086312294006e-02 3.390288352966308594e-02 -3.105856664478778839e-02 3.297941759228706360e-02
-2.769568748772144318e-02 4.533809423446655273e-02 -2.027532830834388733e-02 1.921687647700309753e-02
-3.261549025774002075e-02 5.777122080326080322e-02 -1.908634044229984283e-02 1.427247654646635056e-02
-3.424560651183128357e-02 7.061685621738433838e-02 -2.311960794031620026e-02 1.290778163820505142e-02
4.162530531175434589e-04 1.020412426441907883e-02 -4.925189912319183350e-02 3.854348510503768921e-02
2.014226280152797699e-03 2.711796946823596954e-02 -4.510952532291412354e-02 4.229553788900375366e-02
-2.367116697132587433e-02 1.206030044704675674e-02 -7.160469889640808105e-02 1.662155054509639740e-02
1.967962086200714111e-02 2.491585910320281982e-02 -6.373182684183120728e-02 2.413952164351940155e-02
1.531363744288682938e-02 1.135108713060617447e-02 -6.328973919153213501e-02 2.376299165189266205e-02
2.734340541064739227e-02 1.700355112552642822e-02 -7.460758090019226074e-02 1.391551736742258072e-02
2.620171010494232178e-02 3.878057003021240234e-03 -7.646732032299041748e-02 1.263139583170413971e-02
-2.954739145934581757e-02 4.569474607706069946e-03 -8.029111474752426147e-02 7.781345862895250320e-03
